graph {
	node [shape=circle style=filled]
	graph [rankdir=TB]
	8
	4
	2
	1
	9
	58
	61
	56
	60
	28
	29
	184
	30
	14
	15
	88
	92
	90
	93
	7
	46
	44
	45
	280
	22
	23
	136
	140
	11
	70
	68
	69
	75
	34
	35
	208
	226
	17
	106
	104
	113
	96
	52
	53
	48
	340
	26
	160
	24
	170
	13
	12
	80
	85
	84
	6
	40
	42
	256
	3
	20
	21
	128
	10
	64
	5
	32
	16
	8 -- 4
	4 -- 2
	2 -- 1
	1 -- 4
	9 -- 28
	58 -- 29
	61 -- 184
	56 -- 28
	60 -- 30
	28 -- 14
	29 -- 88
	184 -- 92
	30 -- 15
	14 -- 7
	15 -- 46
	88 -- 44
	92 -- 46
	90 -- 45
	93 -- 280
	7 -- 22
	46 -- 23
	44 -- 22
	45 -- 136
	280 -- 140
	22 -- 11
	23 -- 70
	136 -- 68
	140 -- 70
	11 -- 34
	70 -- 35
	68 -- 34
	69 -- 208
	75 -- 226
	34 -- 17
	35 -- 106
	208 -- 104
	226 -- 113
	17 -- 52
	106 -- 53
	104 -- 52
	113 -- 340
	96 -- 48
	52 -- 26
	53 -- 160
	48 -- 24
	340 -- 170
	26 -- 13
	160 -- 80
	24 -- 12
	170 -- 85
	13 -- 40
	12 -- 6
	80 -- 40
	85 -- 256
	84 -- 42
	6 -- 3
	40 -- 20
	42 -- 21
	256 -- 128
	3 -- 10
	20 -- 10
	21 -- 64
	128 -- 64
	10 -- 5
	64 -- 32
	5 -- 16
	32 -- 16
	16 -- 8
}
