graph {
	node [shape=circle style=filled]
	graph [rankdir=TB]
	101 [color=black fillcolor="#1DA8F5"]
	4
	2
	1
	224
	448
	149
	298
	99
	146
	292
	97
	96
	140
	280
	93
	90
	296
	592
	197
	394
	131
	262
	87
	84
	81
	404
	808
	269
	538
	179
	358
	119
	238
	79
	78
	128
	256
	85
	170
	340
	113
	226
	75
	110
	220
	73
	72
	104
	208
	69
	66
	728
	1456
	485
	970
	323
	646
	215
	430
	143
	286
	95
	190
	63
	60
	86
	172
	57
	188
	376
	125
	250
	83
	166
	55
	54
	116
	232
	77
	154
	51
	48
	68
	136
	45
	74
	148
	49
	98
	196
	65
	130
	43
	42
	152
	304
	202
	67
	134
	268
	89
	178
	59
	118
	39
	56
	112
	37
	36
	50
	100
	33
	30
	92
	184
	61
	122
	244
	488
	976
	325
	650
	1300
	433
	866
	1732
	577
	1154
	2308
	4616
	9232
	3077
	6154
	2051
	4102
	1367
	2734
	911
	1822
	3644
	7288
	2429
	4858
	1619
	3238
	1079
	2158
	719
	1438
	479
	958
	319
	638
	1276
	425
	850
	283
	566
	1132
	377
	754
	251
	502
	167
	334
	668
	1336
	445
	890
	1780
	593
	1186
	395
	790
	263
	526
	175
	350
	700
	233
	466
	155
	310
	103
	206
	412
	137
	274
	91
	182
	364
	121
	242
	484
	161
	322
	107
	214
	71
	142
	47
	94
	31
	62
	124
	41
	82
	27
	38
	76
	25
	24
	32
	64
	21
	44
	88
	29
	58
	19
	18
	80
	160
	53
	106
	35
	70
	23
	46
	15
	12
	14
	28
	9
	20
	40
	13
	26
	52
	17
	34
	11
	22
	7
	6
	8
	16
	5
	10
	3
	3 -- 10
	10 -- 5
	5 -- 16
	16 -- 8
	8 -- 4
	6 -- 3
	7 -- 22
	22 -- 11
	11 -- 34
	34 -- 17
	17 -- 52
	52 -- 26
	26 -- 13
	13 -- 40
	40 -- 20
	20 -- 10
	9 -- 28
	28 -- 14
	14 -- 7
	12 -- 6
	15 -- 46
	46 -- 23
	23 -- 70
	70 -- 35
	35 -- 106
	106 -- 53
	53 -- 160
	160 -- 80
	80 -- 40
	18 -- 9
	19 -- 58
	58 -- 29
	29 -- 88
	88 -- 44
	44 -- 22
	21 -- 64
	64 -- 32
	32 -- 16
	24 -- 12
	25 -- 76
	76 -- 38
	38 -- 19
	27 -- 82
	82 -- 41
	41 -- 124
	124 -- 62
	62 -- 31
	31 -- 94
	94 -- 47
	47 -- 142
	142 -- 71
	71 -- 214
	214 -- 107
	107 -- 322
	322 -- 161
	161 -- 484
	484 -- 242
	242 -- 121
	121 -- 364
	364 -- 182
	182 -- 91
	91 -- 274
	274 -- 137
	137 -- 412
	412 -- 206
	206 -- 103
	103 -- 310
	310 -- 155
	155 -- 466
	466 -- 233
	233 -- 700
	700 -- 350
	350 -- 175
	175 -- 526
	526 -- 263
	263 -- 790
	790 -- 395
	395 -- 1186
	1186 -- 593
	593 -- 1780
	1780 -- 890
	890 -- 445
	445 -- 1336
	1336 -- 668
	668 -- 334
	334 -- 167
	167 -- 502
	502 -- 251
	251 -- 754
	754 -- 377
	377 -- 1132
	1132 -- 566
	566 -- 283
	283 -- 850
	850 -- 425
	425 -- 1276
	1276 -- 638
	638 -- 319
	319 -- 958
	958 -- 479
	479 -- 1438
	1438 -- 719
	719 -- 2158
	2158 -- 1079
	1079 -- 3238
	3238 -- 1619
	1619 -- 4858
	4858 -- 2429
	2429 -- 7288
	7288 -- 3644
	3644 -- 1822
	1822 -- 911
	911 -- 2734
	2734 -- 1367
	1367 -- 4102
	4102 -- 2051
	2051 -- 6154
	6154 -- 3077
	3077 -- 9232
	9232 -- 4616
	4616 -- 2308
	2308 -- 1154
	1154 -- 577
	577 -- 1732
	1732 -- 866
	866 -- 433
	433 -- 1300
	1300 -- 650
	650 -- 325
	325 -- 976
	976 -- 488
	488 -- 244
	244 -- 122
	122 -- 61
	61 -- 184
	184 -- 92
	92 -- 46
	30 -- 15
	33 -- 100
	100 -- 50
	50 -- 25
	36 -- 18
	37 -- 112
	112 -- 56
	56 -- 28
	39 -- 118
	118 -- 59
	59 -- 178
	178 -- 89
	89 -- 268
	268 -- 134
	134 -- 67
	67 -- 202
	202 -- 101
	101 -- 304
	304 -- 152
	152 -- 76
	42 -- 21
	43 -- 130
	130 -- 65
	65 -- 196
	196 -- 98
	98 -- 49
	49 -- 148
	148 -- 74
	74 -- 37
	45 -- 136
	136 -- 68
	68 -- 34
	48 -- 24
	51 -- 154
	154 -- 77
	77 -- 232
	232 -- 116
	116 -- 58
	54 -- 27
	55 -- 166
	166 -- 83
	83 -- 250
	250 -- 125
	125 -- 376
	376 -- 188
	188 -- 94
	57 -- 172
	172 -- 86
	86 -- 43
	60 -- 30
	63 -- 190
	190 -- 95
	95 -- 286
	286 -- 143
	143 -- 430
	430 -- 215
	215 -- 646
	646 -- 323
	323 -- 970
	970 -- 485
	485 -- 1456
	1456 -- 728
	728 -- 364
	66 -- 33
	69 -- 208
	208 -- 104
	104 -- 52
	72 -- 36
	73 -- 220
	220 -- 110
	110 -- 55
	75 -- 226
	226 -- 113
	113 -- 340
	340 -- 170
	170 -- 85
	85 -- 256
	256 -- 128
	128 -- 64
	78 -- 39
	79 -- 238
	238 -- 119
	119 -- 358
	358 -- 179
	179 -- 538
	538 -- 269
	269 -- 808
	808 -- 404
	404 -- 202
	81 -- 244
	84 -- 42
	87 -- 262
	262 -- 131
	131 -- 394
	394 -- 197
	197 -- 592
	592 -- 296
	296 -- 148
	90 -- 45
	93 -- 280
	280 -- 140
	140 -- 70
	96 -- 48
	97 -- 292
	292 -- 146
	146 -- 73
	99 -- 298
	298 -- 149
	149 -- 448
	448 -- 224
	224 -- 112
	4 -- 2
	2 -- 1
	1 -- 4
}
